12 0.184375 0.300000 0.128125 0.091667
8 0.403125 0.281250 0.309375 0.295833
17 0.446875 0.405208 0.181250 0.472917
13 0.567969 0.237500 0.242188 0.141667
9 0.728906 0.339583 0.304688 0.358333
18 0.736719 0.517708 0.232813 0.468750
12 0.834375 0.592708 0.118750 0.135417
7 0.790625 0.776042 0.415625 0.447917
10 0.490625 0.623958 0.331250 0.410417
11 0.571094 0.453125 0.129688 0.222917
15 0.155469 0.456250 0.301563 0.150000
14 0.146875 0.628125 0.290625 0.314583
16 0.242188 0.762500 0.228125 0.383333
